51699	55737	9559
9282	9439	84246	10001	892	1024	9412
10426	114791	7283	27229	10844	85378
8270	112858	55644	51002
4791	5966	5970	5971	4790
9328	2976	9329	2975	9330
11339	55320	54069
10048	64795	10296	25852	4289
64601	27072	57617	55823	65082
8573	55327	320
5692	5691	5683	5689	5690	5688	5684	5695	5721	5693	5685	5682	5686	5720	5694	5687
23431	9179	10717	11154
6015	1912	648	6045
5885	23047	9126	23244	8243	113130
25839	22796	84342	83548	9382	91949	57511	10466
6619	6621	6618	6617	10302
1459	1457	1460
11218	50628	79833	8487	79760	25929
2786	2770	2782
7251	51160	55048
59345	2791	2770
282991	23557	84062	55330	63915	2647	388552	26258
1108	5931	3066	57459	8932	3065	9219	53615	5928
55970	2783	2778
10574	908	22948	10575	10694	6950	10576	7203
8892	8891	8890	8893	1967
54623	123169	9646	80349	79577
5430	5438	5437	5436	5433	5440	5441	5434	5431	5439	5432	5435
11171	79760	79833
11097	2733	9631
84289	23338	11143	64769	51147
57082	79003	147841	10403	11130
79682	80152	64946	79019	55839
4849	4848	23019
8573	1739	320
23265	10640	60412	11336	149371	55763	55770	54536
2967	2071	2966	2965	2968
29882	64682	996	51434	8881	8697	51433	29945	10393
2791	2770	2782
55272	92856	10199
91833	57599	64854
10291	10946	8175
6921	6923	8065
2648	8464	6880
54800	8452	9978
51604	94005	10026	8733	128869
6635	6636	6637
9282	9862	10001	892	1024	5469	51003	9412
4998	23594	4999	5001
4800	4801	4802
10006	10163	10787	55845	23191
10921	10284	22985
79441	93323	54801	55559	55142	23354	115106
8266	51608	7917
81857	219541	54797	29079	55588	112950	6837	9440	5469	400569
3993	5584	84612
25804	11157	27258	57819	51691	51690	23658
6015	1911	648	8535
10092	10097	10109	10096	10094	10095	10093
5931	23028	3066	8932	1107	3065	9219	53615	23186	5928	54815
1019	894	1029
55275	51542	6293	738	55610
9392	64601	23355	57617	55823	65082
5705	5718	5713	5706	5704	5716	5709	5701	5719	9861	5711	5700	5707	5715	5710	5702	10213	5708	5717	5714
8085	11091	9070	5929
59345	2786	2770
4851	3516	9794
79991	100134934	80169
5563	5565	5571
5970	4792	5966
4722	4720	4704
28981	11020	90410	26160	8100	150737	55081	51098	57560	26146	80173	56912	64792
55846	144577	11133	23334
51493	283742	51637	1653
5520	5515	5518
5859	5917	9255
79718	8841	9612	9611	6907	2874
892	9969	9968	1024
23265	10640	54536
6616	6804	6844
5584	84612	3996
9341	10228	143187
9440	9282	81857	9439	51586	9969	10025	9862	9443	9968	10001	892	1024	9441	5469	9412
8674	8675	10228	143187	10490
4723	4728	55967	374291	4726	51079	4722	4724	4729	4701	4719	4698	4731	4720	4695
25839	22796	83548
23028	23186	3065
5931	3066	9219	1108
7251	51160	79720
9443	892	1024	9439
55970	2778	2782
9443	10001	892	1024	5469
2790	2770	2782
28952	57020	54520	150684
23028	3066	3065	10362	23186	51317
90293	55958	8452	9978
2787	2770	2782
5970	4792	4790
90410	55081	57560	26160	26146
5885	10274	9126	10735	8243
8661	8668	8666	8663	8669	8662
6921	140462	6923	8065
729991	282991	23557	54785	2647	119032	79036	118426
11143	9767	64769	79960	51147
1108	3065	9219	53615	5928
1912	1911	648
4331	1022	2068	902
2788	2770	2782
91687	79682	80152	79172	2491	401541	23421	64946	79019	55166	55839	64105
4793	5970	5966
51699	6642	6643	112936	9559	55737
23412	51397	54951	150684	149951	28991	28952	51122	170622	29099	54939	57020	54520
11091	9070	4297	5929
81857	219541	9968	9412	9862	23389	9969	9443	29079	80306	892	6837	9442	9440	9477	9282	10025	54797	84246	55588	9439	51586	90390	55090	23097	10001	112950	1024	9441	5469	400569	51003
9440	9282	9862	9439	9443	9442	9441	5469
9282	9862	9439	51586	10025	9443	54797	29079	10001	9440
5565	5571	5562
54520	150684	170622
9112	1108	23028	3066	1107	3065	5928
64601	57617	55823
8661	8668	8666	8667	3646	27335	51386	8663	8664	10480	8665	8669	8662
282991	23557	84062
2967	2071	902	2966	1022	4331	2965	2068	2968	404672
8881	996	51434
9112	57504	5931	1108	3066	3065	53615	5928
6616	6804	6844
25904	4849	9125	246175	23019	85456	29883	9337	4848	55571	57472
56288	5584	84612
8674	8675	9341
9341	8673	10228	8674
6921	6923	8065
9477	54797	55588
