1 2 1
1 4 1
2 3 1
3 4 1
5 6 1
5 8 1
6 7 1
6 8 1
7 8 1
9 10 1
9 11 1
10 11 1
12 13 1
12 14 1
12 16 1
12 15 1
13 16 1
13 15 1
15 14 1
17 18 1
17 19 1
17 20 1
17 21 1
18 19 1
18 20 1
18 21 1
19 20 1
19 21 1
20 21 1
22 23 1
22 25 1
22 24 1
23 25 1
25 24 1
26 28 1
26 30 1
28 31 1
30 29 1
27 31 1
27 29 1
32 33 1
32 37 1
33 34 1
34 35 1
35 36 1
36 37 1
38 39 1
38 42 1
39 40 1
40 41 1
41 42 1
43 44 1
43 46 1
43 45 1
44 45 1
45 46 1
47 48 1
47 49 1
48 49 1
50 51 1
50 52 1
50 53 1
51 52 1
51 53 1
54 55 1
54 56 1
54 57 1
54 58 1
55 58 1
55 57 1
56 57 1
57 58 1
59 60 1
59 62 1
59 61 1
60 61 1
60 62 1
61 62 1
